47425268
46177718
44947076
45475727
45475723
38813806
38921479
38921618
39010054
38921635
40149857
39761023
39761025
39761027
39374888
42077433
39404613
43095733
37882551
36759025
36759030
36792399
42116734
41933037
43087241
39861802
49996752
40283988
40283990
39787149
40284050
39396418
39659664
39626049
39659680
43089692
43089694
39783305
39396420
36925650
39626072
39626043
36775756
39626082
39136022
38256578
39375274
36786782
39914383
35718335
50589895
50589893
39626057
49867947
40284046
35718347
36792346
36792348
13722499
13722500
20438316
24193132
41093260
